MCMC found these values for 10/100 certainties
q=0.8008266727140826 + 0.1554816751970276, - 0.1971550447903494
p=0.30382265877297054 + 0.08379235055288986, - 0.10624447624396544
MCMC found these values for 25/100 certainties
q=0.8008266727140826 + 0.09736659805557524, - 0.11078054778233348
p=0.30382265877297054 + 0.05054332834471681, - 0.05824295969977247