MCMC found these values for 10/100 certainties
q=0.8365169773047152 + 0.13387489413617348, - 0.20384827175418863
p=0.32518418214856676 + 0.07478871727251518, - 0.08719308844517931
MCMC found these values for 25/100 certainties
q=0.8365169773047152 + 0.0851891506381921, - 0.10701888826332284
p=0.32518418214856676 + 0.0423746330284519, - 0.048325457232174795