MCMC found these values for 10/100 certainties
q=0.7743536036242715 + 0.17176925308377133, - 0.18522857698976702
p=0.309231159958517 + 0.08021619249281464, - 0.11922853542091286
MCMC found these values for 25/100 certainties
q=0.7743536036242715 + 0.10435180048632642, - 0.11061396122916844
p=0.309231159958517 + 0.05012227108237133, - 0.06361475047365442