MCMC found these values for 10/100 certainties
q=0.8681010789650471 + 0.2514080940671338, - 0.268766327732856
p=0.26744252309501737 + 0.12225202202098928, - 0.1891203530705291
MCMC found these values for 25/100 certainties
q=0.8681010789650471 + 0.14271043164998198, - 0.14752381461890873
p=0.26744252309501737 + 0.07532475447227227, - 0.10109383360075044