MCMC found these values for 10/100 certainties
q=0.9517513084969289 + 0.291424574366961, - 0.268916971297147
p=0.2741317091243781 + 0.10305870452702243, - 0.17994576409998114
MCMC found these values for 25/100 certainties
q=0.9517513084969289 + 0.16086304859311196, - 0.15031846737586996
p=0.2741317091243781 + 0.06298669865143997, - 0.09076964469040563