MCMC found these values for 10/100 certainties
q=0.9764991544914051 + 0.2997080236043005, - 0.2782767016591573
p=0.2761470142388493 + 0.10333645400942987, - 0.17837133968187152
MCMC found these values for 25/100 certainties
q=0.9764991544914051 + 0.16681223543338575, - 0.15672324440283514
p=0.2761470142388493 + 0.06401297032467257, - 0.08872655798682133