MCMC found these values for 10/100 certainties
q=1.0487052117763422 + 0.31543056769379296, - 0.2936312424690861
p=0.2953533574972576 + 0.09244081631158241, - 0.16002779155738642
MCMC found these values for 25/100 certainties
q=1.0487052117763422 + 0.1775259693148119, - 0.1637141037774812
p=0.2953533574972576 + 0.05670056907711213, - 0.07859214357351652