MCMC found these values for 10/100 certainties
q=0.960615845767346 + 0.2770190051998277, - 0.29891454105645643
p=0.26310072244876054 + 0.1261764357640135, - 0.18898948672546023
MCMC found these values for 25/100 certainties
q=0.960615845767346 + 0.16024072141236723, - 0.1650163768829973
p=0.26310072244876054 + 0.07880384583520267, - 0.10456566382216503