MCMC found these values for 10/100 certainties
q=0.8496810582944034 + 0.24326094107984986, - 0.25988104142139723
p=0.26670978977871207 + 0.12133772854620722, - 0.19066108640883347
MCMC found these values for 25/100 certainties
q=0.8496810582944034 + 0.14084254800786322, - 0.14448862843093702
p=0.26670978977871207 + 0.07559786104974198, - 0.10116770357768506